=== KNN ===
Accuracy: 0.9745
Precision (weighted): 0.9746
Recall (weighted): 0.9745
F1-Score (weighted): 0.9745

Confusion Matrix:
[[19224   131    18    30    29     9    10     4     0    22   308     8
    105    32    70]
 [   27  3971     0     0     0     0     0     0     0     0     2     0
      0     0     0]
 [   10     0 19970     2    18     0     0     0     0     0     0     0
      0     0     0]
 [    6     0     1  3980     6     2     0     0     0     0     0     0
      3     2     0]
 [    7     0    10    12 19946     0     0     0     0     0     4     0
      1     0    20]
 [    7     0     0     1     0  3978    12     0     0     0     0     0
      1     0     1]
 [   14     0     0     0     0     3  3970     7     0     0     0     0
      0     4     2]
 [    1     0     0     0     0     0     4  3989     0     0     0     5
      1     0     0]
 [    0     0     0     0     0     0     0     0  4000     0     0     0
      0     0     0]
 [    4     0     0     0     0     0     0     0     0  3996     0     0
      0     0     0]
 [    8     0     1     0     8     0     0     0     0     0 18130     0
      2     0     0]
 [    5     0     0     0     5     0     0     1     0     0     0  3983
      1     0     5]
 [   15     0     0     0     0     0     0     0     0     0     0    11
   2871   155   948]
 [    0     0     0     0     0     0     0     0     0     0     0     0
     28  3972     0]
 [   12     0     0     0    11     0     0     1     0     0     0     7
    889    23  3057]]

Classification Report:
              precision    recall  f1-score   support

           0       0.99      0.96      0.98     20000
           1       0.97      0.99      0.98      4000
           2       1.00      1.00      1.00     20000
           3       0.99      0.99      0.99      4000
           4       1.00      1.00      1.00     20000
           5       1.00      0.99      1.00      4000
           6       0.99      0.99      0.99      4000
           7       1.00      1.00      1.00      4000
           8       1.00      1.00      1.00      4000
           9       0.99      1.00      1.00      4000
          10       0.98      1.00      0.99     18149
          11       0.99      1.00      0.99      4000
          12       0.74      0.72      0.73      4000
          13       0.95      0.99      0.97      4000
          14       0.75      0.76      0.75      4000

    accuracy                           0.97    122149
   macro avg       0.96      0.96      0.96    122149
weighted avg       0.97      0.97      0.97    122149
