=== LogisticRegression ===
Accuracy: 0.8792
Precision (weighted): 0.8821
Recall (weighted): 0.8792
F1-Score (weighted): 0.8685

Confusion Matrix:
[[16574   131   499    97   146   392    78    55     0    37   468   174
    289   804   256]
 [ 1529  1497     0     0     0     0     0     0     0     4   970     0
      0     0     0]
 [    6     0 19969     8     9     4     0     0     0     0     0     0
      4     0     0]
 [  211     0   590  3119     0     0     2     0     0     0     0     0
      0    78     0]
 [    8     0   626    61 19258    15     0     0     0     0     0     0
      0    23     9]
 [   10     0     0     0     2  3512   380     0     0     0     4     7
      2    68    15]
 [    4     8     2     2     0   216  2483   102     0     0     4     3
     97    60  1019]
 [    3     0     5     0     0     0     3  3969     0     0     0     0
      1     3    16]
 [    0     0     0     0     0     0     0     0  4000     0     0     0
      0     0     0]
 [  512     0    39    20     0    15     6    33     0  3333     0     6
      2     9    25]
 [   45     0    27     0     0     2     0     0     0     0 18057     0
     13     1     4]
 [    0     0    12     0     0     0     9     7     0     0    20  3765
      2   185     0]
 [  118     0     0     3     0     0     0     0     0     0     0     0
    190   305  3384]
 [    4     0     0   104     0     0     0     0     0     0     0     0
      0  3892     0]
 [   28     0    99    29     8     0     0     1     0     0     3     0
      2    52  3778]]

Classification Report:
              precision    recall  f1-score   support

           0       0.87      0.83      0.85     20000
           1       0.92      0.37      0.53      4000
           2       0.91      1.00      0.95     20000
           3       0.91      0.78      0.84      4000
           4       0.99      0.96      0.98     20000
           5       0.85      0.88      0.86      4000
           6       0.84      0.62      0.71      4000
           7       0.95      0.99      0.97      4000
           8       1.00      1.00      1.00      4000
           9       0.99      0.83      0.90      4000
          10       0.92      0.99      0.96     18149
          11       0.95      0.94      0.95      4000
          12       0.32      0.05      0.08      4000
          13       0.71      0.97      0.82      4000
          14       0.44      0.94      0.60      4000

    accuracy                           0.88    122149
   macro avg       0.84      0.81      0.80    122149
weighted avg       0.88      0.88      0.87    122149
