=== NaiveBayes ===
Accuracy: 0.5184
Precision (weighted): 0.7791
Recall (weighted): 0.5184
F1-Score (weighted): 0.5162

Confusion Matrix:
[[ 4709  4555   191  1194     3   745   410    20     0   457   911    59
     20  6696    30]
 [   20  3010     0     0     0     0     0     0     0     0   970     0
      0     0     0]
 [    1     9  4230 10827     5     2     0     0     0     0     0     0
      0  4926     0]
 [    1     0     0  3866     0     1     2     0     0     0     0     0
      0   130     0]
 [   28     9     0 11323  7986     0     0     0     0     0     2     0
      0   652     0]
 [    6     0     0  3030     4   350   351     0     0     0    17     0
      0   242     0]
 [    1     0     2   252     0   114  2465     0     0     0  1022     0
      9   135     0]
 [    5     8     2     0     0     0   225  3758     0     0     2     0
      0     0     0]
 [    0     0     0     0     0     0     0     0  4000     0     0     0
      0     0     0]
 [    8   239    68     0     0     0     0     0     0  3685     0     0
      0     0     0]
 [   89     9     8    11     0     0     0     0     0     0 18019     0
      0    13     0]
 [    0   194     5     0     0     0     1    15     0     0    20  3765
      0     0     0]
 [    0     0     0   179     0     0     0     0     0     0  3384     0
    190   241     6]
 [    0     0     0   708     0     0     0     0     0     0     0     0
      0  3292     0]
 [   81    13     0    52     0     0     0     0     0     0  3705     0
      0   149     0]]

Classification Report:
              precision    recall  f1-score   support

           0       0.95      0.24      0.38     20000
           1       0.37      0.75      0.50      4000
           2       0.94      0.21      0.35     20000
           3       0.12      0.97      0.22      4000
           4       1.00      0.40      0.57     20000
           5       0.29      0.09      0.13      4000
           6       0.71      0.62      0.66      4000
           7       0.99      0.94      0.96      4000
           8       1.00      1.00      1.00      4000
           9       0.89      0.92      0.91      4000
          10       0.64      0.99      0.78     18149
          11       0.98      0.94      0.96      4000
          12       0.87      0.05      0.09      4000
          13       0.20      0.82      0.32      4000
          14       0.00      0.00      0.00      4000

    accuracy                           0.52    122149
   macro avg       0.66      0.60      0.52    122149
weighted avg       0.78      0.52      0.52    122149
