=== NaiveBayes ===
Accuracy: 0.1296
Precision (weighted): 0.8804
Recall (weighted): 0.1296
F1-Score (weighted): 0.1432

              precision    recall  f1-score   support

           0       0.99      0.07      0.13    373027
           1       0.00      0.02      0.01       387
           2       0.36      0.46      0.40     25496
           3       0.01      1.00      0.02      2056
           4       0.61      0.03      0.05     33273
           5       0.02      0.01      0.01      1035
           6       0.00      0.00      0.00       973
           7       0.00      0.00      0.00       852
           8       0.18      1.00      0.31         2
           9       0.00      0.57      0.00         7
          10       0.10      0.98      0.19     18149
          11       0.00      0.00      0.00       630
          12       0.00      0.00      0.00       285
          13       0.00      0.50      0.01         4
          14       0.00      0.00      0.00       130

    accuracy                           0.13    456306
   macro avg       0.15      0.31      0.08    456306
weighted avg       0.88      0.13      0.14    456306
