=== RandomForest ===
Accuracy: 0.9750
Precision (weighted): 0.9761
Recall (weighted): 0.9750
F1-Score (weighted): 0.9745

Confusion Matrix:
[[19646   146     1     6    19     1     0     0     0     0    12     3
     58     2   106]
 [    8  3992     0     0     0     0     0     0     0     0     0     0
      0     0     0]
 [    9     0 19991     0     0     0     0     0     0     0     0     0
      0     0     0]
 [    1     0     0  3991     6     2     0     0     0     0     0     0
      0     0     0]
 [    2     0     0     6 19970     0     0     0     0     0     4     0
      1     0    17]
 [    2     0     0     1     0  3983    13     0     0     0     0     0
      0     0     1]
 [    9     0     0     0     0     5  3982     0     0     0     0     0
      0     2     2]
 [    2     0     0     0     0     0     0  3998     0     0     0     0
      0     0     0]
 [    0     0     0     0     0     0     0     0  4000     0     0     0
      0     0     0]
 [    0     0     0     0     0     0     0     0     0  4000     0     0
      0     0     0]
 [    3     0     0     0    10     0     0     0     0     0 18134     0
      0     0     2]
 [    3     0     0     0     0     0     0     0     0     0     0  3997
      0     0     0]
 [    4     0     0     0     0     0     0     0     0     0     0     0
   2115   164  1717]
 [    0     0     0     0     0     0     0     0     0     0     0     0
      0  4000     0]
 [    4     0     0     0     7     0     0     0     0     0     0     0
    674    16  3299]]

Classification Report:
              precision    recall  f1-score   support

           0       1.00      0.98      0.99     20000
           1       0.96      1.00      0.98      4000
           2       1.00      1.00      1.00     20000
           3       1.00      1.00      1.00      4000
           4       1.00      1.00      1.00     20000
           5       1.00      1.00      1.00      4000
           6       1.00      1.00      1.00      4000
           7       1.00      1.00      1.00      4000
           8       1.00      1.00      1.00      4000
           9       1.00      1.00      1.00      4000
          10       1.00      1.00      1.00     18149
          11       1.00      1.00      1.00      4000
          12       0.74      0.53      0.62      4000
          13       0.96      1.00      0.98      4000
          14       0.64      0.82      0.72      4000

    accuracy                           0.98    122149
   macro avg       0.95      0.95      0.95    122149
weighted avg       0.98      0.98      0.97    122149
