=== SVM ===
Accuracy: 0.8928
Precision (weighted): 0.9155
Recall (weighted): 0.8928
F1-Score (weighted): 0.8855

Confusion Matrix:
[[16888   145   545   117    99   199    90    45     0    43   363   288
     15   600   563]
 [ 1107  2877     0     0     0     0     0     0     0     0     0     0
      0    16     0]
 [    9     0 19938    45     4     0     0     0     0     0     0     0
      0     0     4]
 [  142     0   273  3457     6     1     1     0     0     0     0     0
      0   120     0]
 [   10     0   624    51 19278     0     0    12     0     0     0     0
      0    23     2]
 [  306     0     0     0     0  3517    99     3     0     2     0    40
      0    15    18]
 [  148     0     2     1     0   201  2381   108     0     7     0    65
      0    64  1023]
 [  187     0     5     0     0     0     0  3787     0     0     0     0
      0     3    18]
 [    0     0     0     0     0     0     0     0  4000     0     0     0
      0     0     0]
 [   21     1    98    71     0    17    27    75     0  3640     0    16
      0    12    22]
 [    5    30    22     5     0    11     0    24     0     0 17855     0
      1     1   195]
 [   33     6    12     0     0     0     0     0     0     0     0  3749
      0   178    22]
 [  110     0     0     2     0     0     0     0     0     0     0   107
    190   207  3384]
 [  170     0     0    54     0     0     0     0     0     0     0    65
      0  3711     0]
 [   13     2   101    14     4     0     0     0     0     0     0     0
      0    79  3787]]

Classification Report:
              precision    recall  f1-score   support

           0       0.88      0.84      0.86     20000
           1       0.94      0.72      0.81      4000
           2       0.92      1.00      0.96     20000
           3       0.91      0.86      0.88      4000
           4       0.99      0.96      0.98     20000
           5       0.89      0.88      0.89      4000
           6       0.92      0.60      0.72      4000
           7       0.93      0.95      0.94      4000
           8       1.00      1.00      1.00      4000
           9       0.99      0.91      0.95      4000
          10       0.98      0.98      0.98     18149
          11       0.87      0.94      0.90      4000
          12       0.92      0.05      0.09      4000
          13       0.74      0.93      0.82      4000
          14       0.42      0.95      0.58      4000

    accuracy                           0.89    122149
   macro avg       0.89      0.84      0.82    122149
weighted avg       0.92      0.89      0.89    122149
