=== TV4_SVM ===
Accuracy: 0.8928
Precision (weighted): 0.9155
Recall (weighted): 0.8928
F1-Score (weighted): 0.8855

              precision    recall  f1-score   support

           0       0.88      0.84      0.86     20000
           1       0.94      0.72      0.81      4000
           2       0.92      1.00      0.96     20000
           3       0.91      0.86      0.88      4000
           4       0.99      0.96      0.98     20000
           5       0.89      0.88      0.89      4000
           6       0.92      0.60      0.72      4000
           7       0.93      0.95      0.94      4000
           8       1.00      1.00      1.00      4000
           9       0.99      0.91      0.95      4000
          10       0.98      0.98      0.98     18149
          11       0.87      0.94      0.90      4000
          12       0.92      0.05      0.09      4000
          13       0.74      0.93      0.82      4000
          14       0.42      0.95      0.58      4000

    accuracy                           0.89    122149
   macro avg       0.89      0.84      0.82    122149
weighted avg       0.92      0.89      0.89    122149
