=== TV4_knn ===
Accuracy: 0.9745
Precision (weighted): 0.9746
Recall (weighted): 0.9745
F1-Score (weighted): 0.9745

              precision    recall  f1-score   support

           0       0.99      0.96      0.98     20000
           1       0.97      0.99      0.98      4000
           2       1.00      1.00      1.00     20000
           3       0.99      0.99      0.99      4000
           4       1.00      1.00      1.00     20000
           5       1.00      0.99      1.00      4000
           6       0.99      0.99      0.99      4000
           7       1.00      1.00      1.00      4000
           8       1.00      1.00      1.00      4000
           9       0.99      1.00      1.00      4000
          10       0.98      1.00      0.99     18149
          11       0.99      1.00      0.99      4000
          12       0.74      0.72      0.73      4000
          13       0.95      0.99      0.97      4000
          14       0.75      0.76      0.75      4000

    accuracy                           0.97    122149
   macro avg       0.96      0.96      0.96    122149
weighted avg       0.97      0.97      0.97    122149
